+---------------+------+
| initial guess | root |
+---------------+------+
|      -2.5     | nan  |
|     -2.398    | nan  |
|    -2.2959    | nan  |
|    -2.1939    | nan  |
|    -2.0918    | 0.0  |
|    -1.9898    | 0.0  |
|    -1.8878    | 0.0  |
|    -1.7857    | 0.0  |
|    -1.6837    | 0.0  |
|    -1.5816    | 0.0  |
|    -1.4796    | 0.0  |
|    -1.3776    | 0.0  |
|    -1.2755    | 0.0  |
|    -1.1735    | 0.0  |
|    -1.0714    | 0.0  |
|    -0.9694    | 0.0  |
|    -0.8673    | 0.0  |
|    -0.7653    | 0.0  |
|    -0.6633    | 0.0  |
|    -0.5612    | 0.0  |
|    -0.4592    | 0.0  |
|    -0.3571    | 0.0  |
|    -0.2551    | 0.0  |
|    -0.1531    | 0.0  |
|     -0.051    | 0.0  |
|     0.051     | 0.0  |
|     0.1531    | 0.0  |
|     0.2551    | 0.0  |
|     0.3571    | 0.0  |
|     0.4592    | 0.0  |
|     0.5612    | 0.0  |
|     0.6633    | 0.0  |
|     0.7653    | 0.0  |
|     0.8673    | 0.0  |
|     0.9694    | 0.0  |
|     1.0714    | 0.0  |
|     1.1735    | 0.0  |
|     1.2755    | 0.0  |
|     1.3776    | 0.0  |
|     1.4796    | 0.0  |
|     1.5816    | 0.0  |
|     1.6837    | 0.0  |
|     1.7857    | 0.0  |
|     1.8878    | 0.0  |
|     1.9898    | 0.0  |
|     2.0918    | 0.0  |
|     2.1939    | nan  |
|     2.2959    | nan  |
|     2.398     | nan  |
|      2.5      | nan  |
+---------------+------+
